$ANSIBLE_VAULT;1.1;AES256
65366361396637643238623662393666396663386236626466333064653338663932653633666135
6366626230306335333666313562663935363738316236330a396338333235643237633435353932
63313530656437333433313338666661386633386136363633656138633966326261653561396363
6136326636346437300a653961353537336636646361333532323735376537653838653838623331
36623932346333633737363765333237306536643532346165643265663638633336663066616466
30346335316230653430306533613265343236396634396639656662663565333363303865663335
66373332643535326334623439613033643837373431303162663865313963623566666463366566
62303133393534393831393263653234363130373433663664633962393462633035303533663331
34616537326163613033393662366361303663386135646537393631663035336338363833393264
65333363383033343030353166666265383232656630373664646430653364343132353531666534
30396432656266663564336635623134633734336465653037343238316662336332363436396434
34623762653366393238373063623837643931323335356538396235333666656332626161643562
39353163653462663831386331626435353938333933623165353835653861633832326638643335
30626233623530373931393361303336346236393131343665636365343362393663656632313530
36316466613530356366646462616163633263633465396162313136323661363562343938653164
31663731313938663135376233363435343335373033663166363335643334633761383431636366
38666564353938306665326365643962383936396537303939303136363930336630396566343030
66333663656434646531303537353665333533303864653164623862633166313365323064393030
31653432386465303236653430323361353731393561643765663034303738373965376465386438
64393463336637396430343133633964376639396130326332616538653464313631326261626131
66326138656266383636363964363433626538633537366430643162346564386162626365316637
37386636323336626238316235636535613963353039313631613639303361666134643164393432
63383235666439353931343035646264666331383066663861616537623262613762646663393036
63613062623363613562303434366361666337316133396132373261376638653233353363376365
31663836613664623330616231386461376535353736653139663931613162343938316532333563
63373039653264353864343138363766343730646431323163666162653861656137373764353034
32633265353136303634323565376432333739653566316438346364663865663833336431623034
31613836663138343436613566353233613239353834336632383761336166666636356461313230
33326634356436396233393731653665373835363238326232396233316137666263646132643034
63663138356334336431646561666663663439366563346465323138303463303265646339303539
64623964623966306530643965376266643034653661386561383530306461623334656463326265
31623330333939653764313033663230346435396537316435623436656432626634393435396436
33366661303961636666376631323833336165323331376630343539353035313535366633393839
66653238643139616462666632376361316661396137376339636464353137323564633664666466
35613433643737663935313434336463373539303934666665336236366164643661666137613333
62366562376239313461303735656535613433653663353532326438313463316630346464383537
38626362313935616562613164366262623562626236613634656532326664656437666263353637
30326236653830643965303230313034326235396630393930303861653831323361393831393133
39656133343430656163353437393838646165613231383465333736616430646436636161306131
62653235313831313832623664653930366434353433663461306537356262653061643232613531
33303535666263323961613734643763633864666538353864323837643162393031366330343034
39656561393134356132656365306566376265393939616235623939373030623637653039626539
34373235393164623561376662323532376466613833303863333931326532366338333562343166
64326233393962383432313833326665363666303834653865623030336237323761653366326536
61383466336263333932646433643031663462333737303239666432623266663433613432313737
39653161346439316164663565643832623132373335623361633131626563663331353961343533
36656362343265323336373266633432326539323339323362363863623030653633393631633735
65396637393664393165316337313532336535666663353534323235333338376261323662356330
62656431646439626561613264336563336638623361326537623032646537653139663835386264
62636339393061383830373237633139663732346336663834646663363064336662636432373938
66336565363633343238313765653537666266616631653138653737366336396463336432633235
32333332303066323138643561633364666565343563643234613761346234343262663261373033
36303534646561346362393734613533373439656665626237346639623164336339313762306365
66373061356263376161323135626539393763376335316462643239323565396230303361303936
33616361653364316363333864646130383964393033623131663865623362366566373365316236
33656664336435626537396563326338366630666138613833376365623035343065653233323837
31356335653033346165393736313762343566323239626364613061366236356232316633366235
35623733383461333264343936343034303837346333633961616564306236656637333366383139
33613532323934613838633532663537366366353937613761633735346636663031386533343934
32623538316534373763323963656232343163633765343536623131316262656337393839663265
35343330373638666237363138383434383134326537356639663936373335626365353132363237
64386465386162386662666162353033303064396434396464383561353263666463303965326134
39323530383066656638646335613566373931363338343431663336333932643863376462383039
35313331663164383830383334396333343261343166303238363364373764366139306663306330
66393162393061353532633435386633343331326332336339396634613134396433626236666566
39386635306530373461333564633461666330623265613465353966636138343039623636353264
63353464323864646536323362316163356665393966633337356665336463383564613534383534
66656539633837623962353866326466333434616436316439333338306339346435623532643532
65306330313732613935343961633964373439613932636664653830666666393032383534306134
32313262383364316661646334663432366239353337363730656431383832313332626662636331
31643164386338333466303664393862613835373966336239623362353839333534666134383531
39333432613937626235313432313566393061333536323131336537613830343638623933663030
33376239333431616637356339376539336664316631363836653135343738646362623632663636
37353763623337626138363839356534393533336132623663366463623465636664343563656138
63386532303037336335396633306433663032663932633335623936663834363238636536316332
62636639323438663165353436613764653034396531333165663766376136353932623635323433
64353830633565356537366336656236626238626235376632613463346136386437376538366362
30376162653633323163363233633338333130386439383331323230303734333737626339656230
34323632666330386465376134616539646465363162353234323130313936666636666633346661
61396236626634356530333337623839363566326333373864626233316564633861303661626435
34643235656337363365313337643264353134366533383332323861303366313065653265643932
39383636633964333061353365386366623436383031303036363165663565373562383537366236
65653331303431626464393264393837393435616565336439313239376265633363333066313261
66373930383639363336303535663162656139313336633164313238616662333162373335353532
61323961663862306536626337626164656362346335396632303434326665343462646163343338
32393732636264633936313434366138383463336438396334333232663633303866663339323132
36386634356263336561373163613030353762373737646361323339306262306230333130633363
61343536336630636337626339663763633730656363653035333936356364376137613665323766
65653263623037653261366232373039386166353532393334353139626565313232366534363364
31313963396261376262653235656633323734313865353036653764386164393766633835323636
61663630323565346565303138363366353262663437663038613639653862626537326533353432
37383833356439393336383464323036643637633034373530646561363762303366653665303235
37323764326633333861363631646137373436343139396334323132373662323838326161343165
61663865313635326439353738616664363162336531396366626334333962396663393866346632
63386465346164383834313135323833633431343263343036363935356166396265373630346531
65623034333638393761646335333961656265313239613535326264643635626533356265653636
62306162336430633764366133626439643033636338633761663165626461653032326362343165
33393663363439663762336263356165373838646130313139383363616265363933636564626336
38643961666531666266363033356236353532663962626334373065646238653730346362356462
36616664313239343236383337396537633765303864303066666430636165663130346566643264
35346236303533643462323239633235663132356237386539306136623735333634633638356166
31346430393637643838633131343235396133656137373138346231303937636335313364356436
61653033323162303937306638353564663533323938646336353732363834363937613533303337
32613235643530386430313633656335356630326337633064323632303436656434353165313461
38633239373438373163383261623966303134353265353262396365643936633738646365303735
38396466613962346431623436316534323834666465383463313633323563333030326134386438
64356530666565333736316439303734376364613532313134363437386139653636346536333832
34663133336635393261616138613664356631613830353065646664383161613662343236613231
64316535336135313865666530363933633835373330373639626661666138343464393732663638
38393139326236383730336661613662636232343337346261343534393435646236353734656332
32346463643464396266353666306238323538653234333631313339646338666234343765333730
64653233316166393163313361363734623535373964316461616131636435303634663231653036
35383362346235613537316435363234666436333062663535323631393465313035306261363134
34343238356466303433653732653535316133356138663765396532306461363465386562333163
30653737616439303830366561633436323362353466666637353162383930323831356432373137
37353539656435356262386663316233633462356465636264663964353732663033363763373332
66653037303338636637383230623831366238636233663461646231386638613065663962383662
62643930336436323837383930376666646536633364386339376234666438343332393163316132
35393965643032633138383436383430666461613531353363343437353333366334396138393033
36666238386533303063613639663666373262656465366333333866643762663135643631626539
34303330323833326436653732326466386339303432373861646332393961363230363962383265
33396166626463313865353265666538616538396433396464396336303965383330613734396330
36323565316264383931356163643334343539323433316538366132343138616631333432623363
34396534356565303438393661633538346266323537646262323731636561623430333732346339
62373836303430613761653332313831376534366230386464613231313637613530656663323365
33383862666534653365313331353530303137396437353934313763643930356166643335613665
62663035626630356435656634623039316431633737383333613733653533386563353438393039
62366562663431643464633337653165633936636537376432653162346232313534383531376539
34306339666239636531333161373262306435653230636463336662343164383061396166303737
30346638396466316436323039313634646433616630323032656435623935663362643962383562
63353530373162663237613963663230666361376230326361303766373834303964343936653332
38643135656230366266333566313464326662363539663732643535626131393662363666616335
64666432303364643639643362323832333132636133356137373264663130373765633632316133
61353865303536653733333130336233303030316361313831303435646565303530643334633935
65313136623061396133616231363966333630356330306337383565303036376266303163663535
36336534663165313932326633343866353432633162623135396339663332383238616165333037
35396637373937666163633531633634626562323332343962363264653833613236633462343432
36636634303435636638303634363765306131613461643537326138363934396532613762653362
30656330336532653366633033623066336635643965613134363936353032623761656339383364
35386233393039326434626632643666633966376361633062396130333339613437316136326637
36306433333730393037353364353631663764336464333735396438663738343365643063653137
36333638323566306366386631316465373332353163376166306164373963336465636164313233
66643037623563623833306665393234326634666239646332623664326238636566336234633432
37373833393430313638316366313961613864343835663839313065383563643030333261346338
30376663306264633839666433623531613130636339663164376136623335356339373730663930
31633164613331396237326362646136356435313433393637633136663937393837313933383863
35353430323065383461306563393237356635383461356432666530623933376262316462396633
32393264653064373162383365346266653833373831386462313866303064323738336330393938
35646232306638393430316264636539366663626635633564316566373838373338636462363162
66626534373730343136663630366131663139613363653831366136616431353235663163326266
65303637393966346533353238323465326631656138363163303536623035633332363336386131
61393966323635653336626561346564333431363161383461666630356632646137333738326264
33623064653038323636633737333235613731303132316137383135316565643465363131376234
34363963386232663036626133363861653530343965663338363163623761626336613739346233
31356532653466613535323461653063633137383633303234626537313461326633373639383365
31386461343361393339366636613666643036353430323337316262353762363032313632643163
63663761363437623732353533343862646463626330653236653336353331323161396463396138
65613535333163346164343837363232323935666435366465643664663165383931616266353934
39373063316433366362353939633830316131666563613834313438653530366162333166353832
30393430323762313362623432366635326164393336373761626434666561396630663932643635
65616134303830616434306136393435663861356161313963626162373038323130376438643064
63316162303535363535353730636635656433666235653261666266326634366231616137306432
34663631386362393638316235313066333463663763643538316238626166313032393535666232
32666466326665656237376131613137363932646164636439646530643464643061303232656461
64333230333164326237303861343534663736316566663939383664386631376334653839383834
30313430363132646331313333653962383965346361313736646266643334333036363164643735
34313461626536623064343638306236353065653065306666303161363361623864636561333663
36633831663837323865303265623732363463383261633230393331316433613861613834396530
33303466343834356237333763663864376265353139653434396437343565616139323666643731
61663332663663633164643032356663386637383861653465653135616463313135373264336332
38636337633062313837333533656233633439616662373966623538373762303831353063363865
65343532386137306533666362396161636163333665633533376562313636396566616233313837
36613135346462343038356363646637353234336631306139396561653332633065343963633163
62633661303364623431376231346238393462396236373532643364366334656538336133373166
64616563623135303764333237333866653634646462313834353166653638366534393435666532
62623365326133626633366562326264393932303264376233323731643562353438323633646262
64353337393737323464663430346232393238383663616635653665626632366531626631643330
61303233656163306638333338623161373038633564363961366233353862303737303863613536
33346161383331393934346333623137643130633331396437353830623263333737383464346632
31366337353936666339346430356635343763336436633434323734303130343532626266623361
31616661383631653337613734303835663236663439376532376632613066333730323563353266
30393732373463336536373263306532383564343531623835303037366137396237326564323163
35343932323030353033346265323230653833363231663565653165633234633765353362336331
34346262306161613733343734633966616463623266346266353033323231356333316564303266
64383134626335643039376132346364346363323462613861376130643838656263656662356636
36626365313831366463346536383339353533616662636661306535393538643061386339386636
31303433366662316231366461646131623234643334326266373835333865656634346434656637
34653836616161353665383966353232643230386536646132636235646564356138353637343963
65303362346239333365626636373337333532326630346433663733346266656331343663336339
36383134313939396264303633303338643531323530393764663432373664653361646338633634
30383732643534333336623737393835656333613462613761333933373437376462616133396632
37393633626435396439626337653462323433633235373562636262656230323436326665313364
62393738336562336230663361363430306137356237303133373330646538656232666366326166
37343336303533666530383866643666646563626232663666376166666361376435353437613734
30613731636239333230366135356662623538323363363132313638303438363439366331333661
38636163383666303065343265623865393233343264393531623732383337663362353532333439
38346362306433373334656138363930623234663364376130643132643635656435646263393161
34636238336335346338396161623539353761346465623736353766396439376230613365333037
63326266346230613435366438373565333330306661653036326566393663616166323539303065
32333032366136636365633565643964363630623837656661653633643361353566333432613735
63396138386332363239326564373365653933343062366563653939393237393330383164323135
66363635376432323733656165366234613830363536626262346363636139326237326630353166
36613339313038363836363133323662393262613734623736326164306165633065356330653064
66336131623163656363306530616436623332393336376237626631623233653961636330626634
31353230366135353464666132343662383337653062353633353234396138396332656164393436
63323933336264613236353738353463616335666338343439333733663365346233643566343739
37613539393763383662613161313838363539396564643733656134626137333565646539313831
66666166316239363936656263666532356635306665366237353731636634333262326562613336
31356539333263323565383232386163333936623134663937353634306134333232376363393831
63373638323139653634313563376435343636303762306437663434343034613165663933376138
39353536333431626135613135373639643864323662363364343266366337333739393831306536
64653665363437323633666436383532383465393966386130616430366266303735336165313166
62316561383362343536353862633563326262633531623961313336346231393635353361616263
30653831343562336539353132666639396464653434303130383630666565353137336630613665
33383436333364646563633839663332653964643835303236326661346339663962383632313164
38343966356665393464373731306139643435633938363539306463616535366463353865646162
30323736323132323964663731313632353265383064386261623264663534653530313231663537
61663935623739323066623738316135653730616332653065373631666439336130316132633861
62353431306663383339623034326231396135303961353339616363396137616430646533323236
32383062626265383931383537313039616439326535333364343933396138333138646432393865
63343133303837323938383866333365633261633432386132356337393831306337616231393439
33386263316536356238633666396639346436356262633938343763313530643632316563613437
34363732313534663763353466666434643031613564383335646366363661353338336463663137
35643034393533313431643565313764306436333963613261333233383235626330306664366236
31633335396337656339326362396464376565323561303662653834656462393864663065613264
36386264636362623637353863363765363862306134336334613639343531393433643034353865
62613731663639353231303061653731643435313839336365343931353564663430633761666465
39626465643062633834373435643732636235623130643565393163346365303034323031383330
32386230636563653063326265363831396338643264326161633565376265646463636633643566
66323664633864376533636133633564323263356265656636316462663964356663343962663930
66643932306132633939353563353034656463333735363337366238643665623130383063373132
34643266396537316532626361396130636233393064643833646635396537623138396261396162
63643430323636666237373664326663356265356434643163666535396533323266303737303639
36373531363232366264313735666466313634636636353864333135383965313765333433653565
32336663633266313934653161393761303963383635316562616639643461306333653237643466
61663233376532383139656230616363613865353162636336363762376462636330383566636561
36376436613363313961333633373237623839656433653762303633376432633937666433626661
63646665613866396465306533663361356266313066373533346363363934343131383433366139
35623238303633353132623730326639353238366364383036303633383134616461386439353232
65663334646238366361316537333235323038393639626231633936656236626536663833613730
32313939303165373739626437326337343534623337343963346466363365303431623164323931
31613761323063623835666234383963363663316662356430333935366332653935623933623364
34356132656363386465373766303032333466313337643232386430636139613761323930336239
35343366356535353731623663343039653134613239303764326331613936336663336131623935
36343561316630646465326266353236386534333330393363663532353533383935333031323865
32313866323231333037343464643364393166656135343463363062336133346631336566353132
35306336663238653966373337653664353162633638376633356561363833653865376330326338
32643862353439313461303330303636393662613131383931313932303633303439663665646566
30346463366333613634333764383932306232386561383039383466323330646365626238383237
36633334636132343734643635333233613134366638376137333565333330366566336531653636
63363161643061366334386166653238386336653030663264616266333961643130363532653137
62316363363539646536643162336339663139336635356430633133373132323065303539353436
64666262633764653830633932346330323536393635346639636161373065356631373039663138
38646533346633393737393861623632393561346236383964336237663935616134656435613630
38386165353935633038623265663561396666333864633164636331393565363565383530636635
31646339303334383462646266316138303733376332653134386466616665616662323938613139
34363432643131343233396433333931346235333136633766343034633363333561643039633233
65313765363263303732346635366335356238346434396563646532383638626361633330336232
31353236373038326165386264316336396636346639306535663563336335633264383335653335
63376363306562316463613334383737333461333437383665386435303263313864363137383733
34353830306338383364656466313435633333613065396235663833626439656662383061393134
65633165323736333462363861323232346338353536363166373066316264633336623039646463
35303138343637666436626266666237393066313538653161663135313333646664396333313361
64643134303265343938373730323565373634343664363935326663623466313535373931303961
61343431366131633965326430653535336336363865363838313532623031623332656662633730
35323232653936636138666432343330323935653932656663386530333865633734323861653933
32343634373363326564376432643836376161326130663535336438353262653961626334623136
35363734316366616631626461336634346438363865386639333464343734666337326535353833
36333963636235626664656164623333383334393030626635656361343033383436663563333863
35316166323831616466346135343237323036653736393231363232626531343038656531633631
32323738613432373631656364626564336663393631383166396430383861383936646564396161
61303763663737633032373361613137306139633362326630643937616234623762653665306266
63313133323334366233326436616162623036366462363733656138353533343431313262633632
30353536393264663138323832343762633135303131353765643065636664663962643765353161
37393236346631626238346238643039376666343130393864313866336562623338633937653632
62366236646337306164303234326266613437366466333036316139396466643062626632656439
62303662326633656262306438623561316236646136326230393530626264633736376437343530
6636653737653635653837316362336134353766653033666637
